0001
0002
0014
0017
0021
0026
0028
0029
0031
0032
0033
0034
0035
0036
0037
0038
0041
0042
0043
0044
0045
0046
0047
0048
0049
0050
0051
0052
0053
0054
0055
0056
0057
0059
0060
0061
0063
0065
0067
0069
0071
0118
0120
0122
0124
0126
0128
0129
0131
0132
0133
0134
0135
0136
0138
0139
0140
0141
0142
0143
0144
0145
0164
0165
0167
0169
0170
0171
0172
0173
0174
0176
0177
0178
0179
0180
0182
0183
0185
0186
0188
0189
0190
0191
0192
0193
0194
0195
0196
0198
0199
0200
0201
0202
0203
0204
0210
0213
0219
0222
0223
0224
0225
0227
0228
0229
0230
0231
0232
0233
0234
0235
0236
0237
0238
0239
0240
0241
0242
0243
0244
0245
0246
0248
0249
0251
0252
0254
0255
0256
0257
0258
0259
0260
0261
0262
0263
0266
0267
0268
0269
0270
0271
0272
0273
0274
0275
0276
0277
0278
0279
0280
0281
0282
0283
0284
0285
0286
0288
0289
0297
0298
0299
0302
0305
0306
0308
0309
0311
0319
0320
0321
0322
0323
0324
0325
0326
0327
0328
0329
0330
0331
0334
0335
0336
0337
0338
0341
0343
0345
0346
0349
0351
0352
0353
0355
0356
0358
0360
0362
0363
0366
0368
0369
0373
0380
0381
0385
0399
0402
0405
0406
0408
0410
0412
0413
0415
0419
0426
0442
0447
0457
0468
0473
0485
0503
0508
0527
0532
0554
0565
0573
0577
0599
0608
0609
0611
0619
0638
0641
0651
0663
0665
0674
0681
0703
0712
0713
0719
0727
0736
0746
0754
0766
